639 -58 546
590 -80 1047
588 -73 1537
631 -132 2042
813 -356 2556
1581 -930 3036
1543 -1034 3544
1295 -742 4055
1045 -493 4268
486 295 4779
185 684 5285
-190 1190 5787
-60 1074 6096
186 887 6323
494 558 6632
1066 -72 7117
1891 -482 7606
1865 -551 8138
1621 -455 8388
1097 -278 8900
636 -458 9409
163 -828 9919
-16 -963 10832
-207 -1136 11227
-389 -1408 11504
-422 -1477 11737
-412 -1446 11937
-362 -1400 12214
-205 -1274 12456
-53 -1148 12722
115 -996 12990
527 -488 13422
1503 493 13817
2203 1233 14218
2269 1316 14681
2120 1152 15059
2043 1039 15534
1998 962 15796
1896 791 16032
1772 553 16292
1673 380 16490
1636 307 16780
1594 203 17017
1452 98 17423
1407 -41 17849
1477 -261 18178
1553 -339 18527
1626 -403 18788
1626 -403 19178
1701 -472 19693
1701 -472 19996
1749 -555 20275
1771 -649 20591
1771 -649 20836
1745 -726 21115
1745 -726 21430
1696 -785 21800
1641 -840 22239
1547 -1058 22534
1533 -1270 22827
1549 -1492 23148
1480 -714 23443
1132 -71 23725
1045 470 23993
1015 848 24255
987 1206 24550
1073 1630 24845
1113 1785 25356
